   h    k    l      d (Å)      F(real)      F(imag)          |F|         2θ          I    M ID(λ) Phase
   0    0    1  11.669900    -4.177205     2.789940      5.02323    6.09090    0.78481    2     1     1
   0    0    2   5.834950   -15.415806    -4.785818      16.1416   12.19910    2.00045    2     1     1
   0    0    3   3.889967   -45.395398    -3.486456      45.5291   18.34233    6.92632    2     1     1
   0    1    0   3.877630   -49.104577    -3.477875      49.2276   18.40119    8.04412    2     1     1
   1    0    0   3.838380   -37.062542    -3.441520       37.222   18.59102    4.50283    2     1     1
   0    1    1   3.679808   -11.741235    -4.221860      12.4772   19.39973    0.92689    4     1     1
   1    0    1   3.646214     1.047240    -4.182771      4.31188   19.58022    0.10860    4     1     1
   0    1    2   3.229531    31.710908     7.881533      32.6757   22.13652    4.83539    4     1     1
   1    0    2   3.206750    40.067114     7.907278      40.8399   22.29579    7.44161    4     1     1
   0    0    4   2.917475   -23.684377    -2.719369        23.84   24.53927    1.03751    2     1     1
   0    1    3   2.746250   163.017746    21.617450      164.445   26.09543   86.74072    4     1     1
   1    0    3   2.732201   176.216316    21.661760      177.543   26.23200  100.00000    4     1     1
   1    1    0   2.727916   170.079938    22.612913      171.577   26.27394   93.07741    4     1     1
   1    1    1   2.656308    18.074349     2.799855      18.2899   26.99544    1.99750    8     1     1
   1    1    2   2.471189   -29.327153    -4.798973      29.7172   29.06053    4.50807    8     1     1
   0    0    5   2.333980    97.106429    12.688323      97.9319   30.81005   10.79861    2     1     1
   0    1    4   2.331307   -45.105301    -2.227300      45.1603   30.84625    4.58106    4     1     1
   1    0    4   2.322694   -36.301099    -2.194503      36.3674   30.96350    2.94669    4     1     1
   1    1    3   2.233463   -78.993661    -3.579552      79.0747   32.23354   25.54884    8     1     1
   0    1    5   1.999685   -14.798343    -4.366277       15.429   36.12434    0.37947    4     1     1
   1    0    5   1.994242    -9.417053    -4.343024      10.3703   36.22636    0.17037    4     1     1
   1    1    4   1.992574     8.705535    -2.605040      9.08694   36.25774    0.26113    8     1     1
   0    0    6   1.944983   151.925147    18.702411      153.072   37.17697   17.53233    2     1     1
   0    2    0   1.938815   199.618508    22.642100      200.899   37.29960   29.98134    2     1     1
   2    0    0   1.919190   198.577031    22.634733      199.863   37.69531   28.99053    2     1     1
   0    2    1   1.912599    -2.384403     2.665659      3.57647   37.83014    0.01842    4     1     1
   2    0    1   1.893752    -2.365525     2.663137      3.56202   38.22117    0.01786    4     1     1
   0    2    2   1.839904   -12.732013    -4.700092      13.5718   39.38525    0.24263    4     1     1
   2    0    2   1.823107   -12.701744    -4.698345      13.5428   39.76335    0.23652    4     1     1
   1    1    5   1.773449    46.396961    12.380523      48.0204   40.92586    5.57784    8     1     1
   0    1    6   1.738538   -43.730798    -3.439829      43.8659   41.78570    2.22160    4     1     1
   0    2    3   1.735228   -39.303761    -3.381720       39.449   41.86916    1.78873    4     1     1
   1    0    6   1.734958   -30.899365    -3.378294      31.0835   41.87599    1.11013    4     1     1
   1    2    0   1.730575   -34.319813    -3.331986      34.4812   41.98704    1.35801    4     1     1
   2    0    3   1.721116   -39.243094    -3.379592      39.3883   42.22880    1.74941    4     1     1
   2    1    0   1.720044   -41.629882    -3.365532      41.7657   42.25640    1.96408    4     1     1
   1    2    1   1.711855    -1.318193    -4.133646      4.33874   42.46831    0.04192    8     1     1
   2    1    1   1.701659    -9.206585    -4.171108      10.1074   42.73520    0.22432    8     1     1
   0    0    7   1.667129   -53.049932    -6.309067      53.4238   43.66531    1.49274    2     1     1
   1    2    2   1.659140    31.246551     7.709618      32.1836   43.88643    2.14244    8     1     1
   2    1    2   1.649853    25.888299     7.680259      27.0035   44.14642    1.48835    8     1     1
   0    2    4   1.614766   -14.458975    -2.717144      14.7121   45.15797    0.20989    4     1     1
   2    0    4   1.603375   -14.335829    -2.717093       14.591   45.49669    0.20300    4     1     1
   1    1    6   1.583666   134.212260    18.538035      135.486   46.09532   33.98597    8     1     1
   1    2    3   1.581163   141.469111    21.319517      143.067   46.17251   37.75195    8     1     1
   2    1    3   1.573118   132.434099    21.268939      134.131   46.42241   32.78054    8     1     1
   0    1    7   1.531576    22.820903    -0.075896       22.821   47.75867    0.44489    4     1     1
   1    0    7   1.529126    24.422877    -0.067439       24.423   47.83996    0.50758    4     1     1
   0    2    5   1.491376    74.654463    12.426780      75.6817   49.12979    4.58815    4     1     1
   1    2    4   1.488418   -29.406099    -2.240410      29.4913   49.23387    1.38671    8     1     1
   2    0    5   1.482388    74.328243    12.421459       75.359   49.44757    4.48289    4     1     1
   2    1    4   1.481702   -35.153784    -2.273614      35.2272   49.47198    1.95698    8     1     1
   0    0    8   1.458737     6.476201    -3.151676      7.20238   50.30450    0.01969    2     1     1
   1    1    7   1.422515   -42.782159    -6.260712      43.2378   51.67852    2.66938    8     1     1
   1    2    5   1.390131    -9.868317    -4.237830      10.7398   52.97480    0.15566    8     1     1
   2    1    5   1.384655   -13.599506    -4.258570      14.2507   53.20075    0.27142    8     1     1
   0    2    6   1.373125   124.946944    18.401522      126.295   53.68312   10.44189    4     1     1
   2    0    6   1.366100   124.525451    18.395395      125.877   53.98150   10.24286    4     1     1
   0    1    8   1.365322    68.991515    15.926880       70.806   54.01476    3.23639    4     1     1
   2    2    0   1.363958   161.002031    22.279602      162.536   54.07319   17.01189    4     1     1
   1    0    8   1.363586    76.219567    15.969772      77.8746   54.08915    3.90259    4     1     1
   2    2    1   1.354736    -1.658805     2.541953      3.03532   54.47162    0.01167    8     1     1
   2    2    2   1.328154   -11.685948    -4.614081      12.5639   55.65529    0.19040    8     1     1
   0    0    9   1.296656   -51.774502    -3.397669      51.8859   57.12971    0.76509    2     1     1
   1    2    6   1.292886   -30.764675    -3.291487      30.9403   57.31166    1.08043    8     1     1
   0    3    0   1.292543   -39.252024    -3.260100      39.3872   57.32828    0.43744    2     1     1
   2    1    6   1.288477   -40.013550    -3.350273      40.1536   57.52606    1.80440    8     1     1
   2    2    3   1.287128   -37.318862    -3.277189      37.4625   57.59201    1.56658    8     1     1
   1    1    8   1.286367   -25.420459    -3.288395      25.6323   57.62928    0.73232    8     1     1
   0    3    1   1.284687    -7.916423    -4.122915       8.9257   57.71170    0.04426    4     1     1
   3    0    0   1.279460   -33.880042    -3.220528      34.0328   57.96984    0.31848    2     1     1
   3    0    1   1.271839    -2.159686    -4.083049      4.61904   58.35058    0.01156    4     1     1
   0    2    7   1.264074   -45.600730    -6.283509      46.0316   58.74398    1.13097    4     1     1
   0    3    2   1.261952    22.513230     7.491238      23.7269   58.85243    0.29924    4     1     1
   2    0    7   1.258587   -45.478263    -6.282979      45.9102   59.02534    1.11299    4     1     1
   3    0    2   1.249767    26.229962     7.508334      27.2834   59.48361    0.38630    4     1     1
   2    2    4   1.235594    -9.912331    -2.714307      10.2772   60.23603    0.10658    8     1     1
   0    1    9   1.229724    78.428156    13.873138      79.6457   60.55364    3.16328    4     1     1
   1    0    9   1.228454    85.965326    13.923949      87.0857   60.62277    3.77226    4     1     1
   0    3    3   1.226603   114.620028    20.940468      116.517   60.72394    6.72781    4     1     1
   1    3    0   1.224956   119.467300    21.908855       121.46   60.81420    7.28652    4     1     1
   1    3    1   1.218263     8.736997     2.555113      9.10295   61.18402    0.08076    8     1     1
   3    0    3   1.215405   120.357535    20.969724      122.171   61.34341    7.23139    4     1     1
   3    1    0   1.215027   118.821463    21.894647      120.822   61.36455    7.06719    4     1     1
   3    1    1   1.208494     8.646793     2.550208      9.01502   61.73243    0.07765    8     1     1
   1    2    7   1.200641    21.341640    -0.123753       21.342   62.18090    0.42830    8     1     1
   1    3    2   1.198823   -19.067690    -4.628636      19.6214   62.28573    0.36068    8     1     1
   2    1    7   1.197108    20.086429    -0.133220      20.0869   62.38498    0.37667    8     1     1
   3    1    2   1.189511   -18.959452    -4.625194      19.5155   62.82858    0.35004    8     1     1
   0    3    4   1.181758   -29.780895    -2.316434      29.8708   63.28828    0.40354    4     1     1
   2    2    5   1.177615    61.823084    12.165253      63.0086   63.53690    3.56034    8     1     1
   3    0    4   1.171734   -25.160772    -2.286428      25.2644   63.89341    0.28273    4     1     1
   1    1    9   1.171091   -36.163145    -3.274103      36.3111   63.93268    1.16650    8     1     1
   1    3    3   1.168394   -56.199928    -3.370129      56.3009   64.09779    2.78869    8     1     1
   0    0   10   1.166990    36.454250     3.167310      36.5916   64.18414    0.29363    2     1     1
   0    2    8   1.165654     2.324742    -3.043227      3.82958   64.26655    0.00641    4     1     1
   2    0    8   1.161347     2.264829    -3.041023      3.79174   64.53365    0.00623    4     1     1
   3    1    3   1.159768   -55.969641    -3.365920      56.0708   64.63215    2.71656    8     1     1
   0    3    5   1.130731   -12.969202    -4.157208      13.6192   66.50338    0.07538    4     1     1
   1    3    4   1.129440     6.058730    -2.603005      6.59423   66.58925    0.03525    8     1     1
   3    0    5   1.121941   -10.042187    -4.130482      10.8585   67.09305    0.04703    4     1     1
   3    1    4   1.121643     6.041004    -2.602939      6.57792   67.11319    0.03450    8     1     1
   0    1   10   1.117480   -63.024675    -9.164279      63.6875   67.39662    1.60257    4     1     1
   2    2    6   1.116731   107.731108    18.100083      109.241   67.44785    9.41498    8     1     1
   1    0   10   1.116527   -63.724909    -9.169485      64.3812   67.46184    1.63436    4     1     1
   1    2    8   1.115356    65.347947    15.670810      67.2007   67.54216    3.55241    8     1     1
   2    1    8   1.112522    59.501363    15.622511      61.5181   67.73751    2.95908    8     1     1
   1    3    5   1.084647    35.874487    11.873354      37.7883   69.72580    1.05191    8     1     1
   0    2    9   1.077826   -46.456663    -3.334369      46.5762   70.23173    0.78744    4     1     1
   3    1    5   1.077735    35.697203    11.863143      37.6168   70.23853    1.02706    8     1     1
   0    3    6   1.076510   -37.763309    -3.266114      37.9043   70.33027    0.52004    4     1     1
   2    0    9   1.074419   -46.368251    -3.333081      46.4879   70.48749    0.77875    4     1     1
   1    1   10   1.072934    22.845770     3.013687      23.0437   70.59958    0.38148    8     1     1
   2    3    0   1.072076   -37.620107    -3.152680       37.752   70.66454    0.51100    4     1     1
   3    0    6   1.068917   -30.287972    -3.203036      30.4569   70.90482    0.33035    4     1     1
   3    2    0   1.067889   -33.329002    -3.115898      33.4743   70.98333    0.39817    4     1     1
   2    3    1   1.067581    -6.836945    -4.073232      7.95833   71.00696    0.04498    8     1     1
   3    2    1   1.063446    -2.219649    -4.034973       4.6052   71.32509    0.01493    8     1     1
   0    0   11   1.060900    76.521575    17.856304      78.5773   71.52256    1.08073    2     1     1
   2    2    7   1.055663   -40.448315    -6.257051      40.9294   71.93253    1.15983    8     1     1
   2    3    2   1.054426    19.701793     7.298514      21.0102   72.03008    0.30481    8     1     1
   3    2    2   1.050442    22.760319     7.319234      23.9082   72.34634    0.39136    8     1     1
   1    2    9   1.037692    75.999795    13.691400      77.2232   73.37927    3.97379    8     1     1
   1    3    6   1.036517   100.099434    17.947584      101.696   73.47605    6.87438    8     1     1
   2    1    9   1.035408    69.700970    13.636662      71.0224   73.56771    3.34502    8     1     1
   2    3    3   1.033543   101.286739    20.604343      103.361   73.72239    7.05682    8     1     1
   3    1    6   1.030480    99.618085    17.935673       101.22   73.97791    6.72380    8     1     1
   3    2    3   1.029790   106.256405    20.639885      108.242   74.03581    7.67796    8     1     1
   0    1   11   1.023292    -9.353030    -1.662214      9.49959   74.58547    0.02917    4     1     1
   1    0   11   1.022561    -0.256410    -1.585162      1.60577   74.64793    0.00083    4     1     1
   0    3    7   1.021492    18.486108    -0.186539       18.487   74.73937    0.11005    4     1     1
   3    0    7   1.014997    19.422037    -0.180542      19.4229   75.30042    0.11983    4     1     1
   2    3    4   1.006286   -26.208330    -2.359394      26.3143   76.06770    0.43202    8     1     1
   3    2    4   1.002822   -22.470134    -2.328965      22.5905   76.37772    0.31613    8     1     1
   0    2   10   0.999843    33.265128     3.051698      33.4048   76.64652    0.34351    4     1     1
   2    0   10   0.997121    33.207973     3.049352      33.3477   76.89397    0.34044    4     1     1
   2    2    8   0.996287     0.172013    -2.934952      2.93999   76.97015    0.00528    8     1     1
   1    1   11   0.988758    60.116061    17.596391      62.6384   77.66548    2.36182    8     1     1
   1    3    7   0.987134   -34.560330    -6.209976      35.1138   77.81736    0.73977    8     1     1
   3    1    7   0.981915   -34.430073    -6.208918      34.9854   78.30977    0.72674    8     1     1
   2    3    5   0.974217   -12.227960    -4.053642      12.8824   79.04905    0.09705    8     1     1
   0    0   12   0.972492    49.494133     8.444974      50.2094   79.21690    0.36731    2     1     1
   3    2    5   0.971072    -9.774053    -4.029418      10.5721   79.35558    0.06496    8     1     1
   0    4    0   0.969407   122.238234    21.595197      124.131   79.51892    2.23155    2     1     1
   1    2   10   0.967556   -57.113914    -9.085064       57.832   79.70150    1.93055    8     1     1
   0    3    8   0.967412    52.544186    15.336011      54.7365   79.71572    0.86447    4     1     1
   0    4    1   0.966080    -1.466937     2.310771      2.73707   79.84768    0.00216    4     1     1
   2    1   10   0.965704   -56.404923    -9.078217      57.1308   79.88507    1.87730    8     1     1
   3    0    8   0.961890    57.046480    15.365650      59.0796   80.26608    0.99646    4     1     1
   4    0    0   0.959595   121.112542    21.567291      123.018   80.49728    2.15078    2     1     1
   4    0    1   0.956367    -1.475823     2.301413      2.73396   80.82508    0.00211    4     1     1
   0    4    2   0.956300    -9.978971    -4.451407      10.9268   80.83199    0.03373    4     1     1
   4    0    2   0.946876    -9.908570    -4.444767      10.8598   81.80668    0.03274    4     1     1
   0    1   12   0.943279   -27.092575    -2.937742      27.2514   82.18580    0.20481    4     1     1
   1    0   12   0.942706   -25.642263    -2.924377      25.8085   82.24658    0.18350    4     1     1
   0    4    3   0.940639   -34.559509    -3.081057      34.6966   82.46660    0.33043    4     1     1
   1    4    0   0.939895   -32.409986    -3.017761      32.5502   82.54605    0.29043    4     1     1
   2    2    9   0.939766   -42.666711    -3.270965      42.7919   82.55986    1.00367    8     1     1
   2    3    6   0.938894   -35.745187    -3.180248      35.8864   82.65340    0.70478    8     1     1
   1    3    8   0.938076   -20.592632    -3.070220      20.8202   82.74124    0.23688    8     1     1
   1    4    1   0.936862    -1.997014    -3.989351      4.46128   82.87214    0.01085    8     1     1
   3    2    6   0.936078   -29.391239    -3.119888      29.5564   82.95689    0.47570    8     1     1
   3    1    8   0.933594   -20.523376    -3.065833      20.7511   83.22663    0.23347    8     1     1
   4    0    3   0.931666   -34.436565    -3.073095      34.5734   83.43746    0.32297    4     1     1
   4    1    0   0.931496   -35.939072    -3.043520      36.0677   83.45614    0.35139    4     1     1
   0    2   11   0.930680    67.344652    17.541053      69.5916   83.54581    1.30632    4     1     1
   4    1    1   0.928543    -5.886064    -4.022119      7.12904   83.78160    0.02732    8     1     1
   2    0   11   0.928483    67.180621    17.534635      69.4313   83.78816    1.29545    4     1     1
   1    4    2   0.927934    20.117658     7.141724      21.3477   83.84904    0.24470    8     1     1
   0    4    4   0.919952    -5.735426    -2.707251      6.34226   84.74505    0.01066    4     1     1
   4    1    2   0.919848    17.257430     7.102510      18.6618   84.75683    0.18451    8     1     1
   1    1   12   0.916024    56.491275     8.455531      57.1206   85.19416    1.71795    8     1     1
   0    3    9   0.915417    63.097380    13.413958      64.5075   85.26405    1.09445    4     1     1
   1    4    3   0.913605    95.858089    20.329151        97.99   85.47337    5.03650    8     1     1
   4    0    4   0.911553    -5.630304    -2.706915      6.24722   85.71192    0.01020    4     1     1
   3    0    9   0.910734    68.123304    13.453910      69.4391   85.80767    1.25893    4     1     1
   3    3    0   0.909305    94.737375    21.215988      97.0839   85.97507    2.45547    4     1     1
   3    3    1   0.906557     5.658415     2.317526      6.11462   86.29926    0.01940    8     1     1
   4    1    3   0.905885    90.589926    20.261189      92.8281   86.37896    4.46664    8     1     1
   1    2   11   0.904472    -1.391351    -1.487571      2.03684   86.54714    0.00215    8     1     1
   2    1   11   0.902959    -9.272148    -1.561408       9.4027   86.72811    0.04563    8     1     1
   2    3    7   0.901721    17.240151    -0.240376      17.2418   86.87676    0.15315    8     1     1
   3    2    7   0.899226    18.079650    -0.233368      18.0812   87.17827    0.16782    8     1     1
   3    3    2   0.898461   -15.045343    -4.460609      15.6927   87.27114    0.12628    8     1     1
   0    0   13   0.897685   -45.592247   -10.307262      46.7428   87.36566    0.27978    2     1     1
   0    4    5   0.895257    47.305717    11.673120      48.7247   87.66278    0.60597    4     1     1
   1    4    4   0.894616   -20.564001    -2.368261      20.6999   87.74161    0.21854    8     1     1
   1    3    9   0.890444   -32.049296    -3.152664       32.204   88.25895    0.52599    8     1     1
   4    0    5   0.887511    46.865480    11.653100      48.2925   88.62681    0.58916    4     1     1
   4    1    4   0.887364   -23.611431    -2.402337      23.7333   88.64537    0.28454    8     1     1
   2    2   10   0.886724    30.695745     2.936651      30.8359   88.72612    0.47993    8     1     1
   3    1    9   0.886608   -31.973855    -3.150215      32.1287   88.74088    0.52094    8     1     1
   3    3    3   0.885436   -47.799693    -3.165701      47.9044   88.88933    1.15639    8     1     1
   0    1   13   0.874555    47.263914     6.675172       47.733   90.29616    0.56671    4     1     1
   1    0   13   0.874098    48.876293     6.690418      49.3321   90.35638    0.60502    4     1     1
   1    4    5   0.871857    -9.332634    -3.934357       10.128   90.65322    0.05088    8     1     1
   0    2   12   0.869269    44.989402     8.291171       45.747   90.99875    0.51761    4     1     1
   3    3    4   0.868117     5.586836    -2.598665      6.16164   91.15360    0.01876    8     1     1
   0    4    6   0.867614    86.597175    17.531245      88.3539   91.22142    1.92751    4     1     1
   2    0   12   0.867479    44.906140     8.288042      45.6646   91.23968    0.51481    4     1     1
   0    3   10   0.866183   -51.500851    -8.996415      52.2807   91.41505    0.67393    4     1     1
   2    4    0   0.865288   109.838632    21.251724      111.876   91.53660    3.08335    4     1     1
   4    1    5   0.865140   -11.428748    -3.948086      12.0915   91.55670    0.07202    8     1     1
   2    3    8   0.863868    46.785301    15.043214      49.1443   91.73026    1.18834    8     1     1
   2    4    1   0.862919    -1.594647     2.195962      2.71388   91.86019    0.00362    8     1     1
   3    0   10   0.862212   -51.840536    -8.998035      52.6156   91.95727    0.68003    4     1     1
   3    2    8   0.861673    50.886844    15.078278      53.0738   92.03152    1.38316    8     1     1
   4    0    6   0.860558    85.922069    17.508059      87.6877   92.18538    1.88594    4     1     1
   4    2    0   0.860022   109.184489    21.231170       111.23   92.25964    3.03309    4     1     1
   4    2    1   0.857696    -1.602634     2.189118      2.71306   92.58338    0.00360    8     1     1
   2    4    2   0.855927    -9.146244    -4.369632      10.1364   92.83135    0.05021    8     1     1
   1    1   13   0.852702   -61.218793   -10.421492      62.0995   93.28774    1.87961    8     1     1
   4    2    2   0.850830    -9.099332    -4.364736       10.092   93.55512    0.04957    8     1     1
   1    2   12   0.847800   -24.247252    -2.896339      24.4196   93.99172    0.28965    8     1     1
   3    3    5   0.847275    28.401027    11.376512      30.5948   94.06795    0.45452    8     1     1
   2    1   12   0.846553   -25.504423    -2.908919      25.6698   94.17284    0.31981    8     1     1
   1    4    6   0.846264   -28.287582    -3.041797      28.4507   94.21492    0.39279    8     1     1
   1    3   10   0.844936    20.611312     2.791120      20.7994   94.40905    0.20976    8     1     1
   2    4    3   0.844643   -32.998763    -2.983258      33.1333   94.45191    0.53220    8     1     1
   3    1   10   0.841656    20.561850     2.786661      20.7498   94.89240    0.20838    8     1     1
   4    1    6   0.840118   -33.781159    -3.092867      33.9224   95.12123    0.55648    8     1     1
   4    2    3   0.839744   -32.902840    -2.977419      33.0373   95.17711    0.52772    8     1     1
   0    4    7   0.838028   -33.680526    -6.204742      34.2473   95.43427    0.28331    4     1     1
   2    2   11   0.837411    60.127972    17.225382      62.5467   95.52716    1.88944    8     1     1
   0    0   14   0.833564    -0.959238     0.045195     0.960302   96.11121    0.00011    2     1     1
   4    0    7   0.831664   -33.455248    -6.202542      34.0254   96.40296    0.27897    4     1     1
   2    4    4   0.829570    -4.662800    -2.702845      5.38953   96.72700    0.01399    8     1     1
   2    3    9   0.826240    57.450925    13.186242      58.9448   97.24789    1.67221    8     1     1
   4    2    4   0.824927    -4.612008    -2.702563      5.34551   97.45521    0.01375    8     1     1
   3    2    9   0.824319    62.077279    13.230145      63.4715   97.55152    1.93831    8     1     1
   3    3    6   0.823730    81.273222    17.366885       83.108   97.64510    3.32292    8     1     1
   0    3   11   0.820044    -9.084052    -1.466919      9.20173   98.23561    0.02036    4     1     1
   1    4    7   0.818741    17.006739    -0.282469      17.0091   98.44647    0.13915    8     1     1
   3    0   11   0.816672    -2.023008    -1.388395      2.45361   98.78362    0.00145    4     1     1
   0    1   14   0.814947    51.054131    17.562590      53.9905   99.06699    0.70113    4     1     1
   0    2   13   0.814605   -42.251474   -10.186275       43.462   99.12336    0.45436    4     1     1
   1    0   14   0.814577    58.861174    17.643571      61.4486   99.12798    0.90826    4     1     1
   4    1    7   0.813171    16.148521    -0.294558      16.1512   99.36080    0.12552    8     1     1
   2    0   13   0.813131   -42.186809   -10.183806      43.3986   99.36741    0.45313    4     1     1
   2    4    5   0.811326    42.440247    11.426975      43.9517   99.66839    0.92980    8     1     1
   0    4    8   0.807383    -1.374147    -2.731679      3.05783  100.33375    0.00225    4     1     1
   4    2    5   0.806981    42.183397    11.412263      43.6999  100.40226    0.92025    8     1     1
   1    3   11   0.801947    48.196880    16.980776      51.1007  101.26959    1.26091    8     1     1
   4    0    8   0.801687    -1.402621    -2.723424      3.06339  101.31473    0.00227    4     1     1
   3    1   11   0.799141    48.000937    16.968363      50.9118  101.76124    1.25345    8     1     1
   3    3    7   0.798283   -29.137960    -6.156784      29.7813  101.91288    0.42912    8     1     1
   1    1   14   0.797178     0.955130     0.107456     0.961156  102.10892    0.00045    8     1     1
   1    2   13   0.796858    45.163967     6.520930      45.6323  102.16585    1.00836    8     1     1
   2    1   13   0.795822    43.635181     6.502477       44.117  102.35072    0.94315    8     1     1
   2    2   12   0.791833    41.214772     8.137355      42.0104  103.07093    0.85776    8     1     1
   2    4    6   0.790581    78.982728    17.245913      80.8436  103.29958    3.17975    8     1     1
   1    4    8   0.790093    46.168390    14.807893       48.485  103.38913    1.14419    8     1     1
   2    3   10   0.789498   -47.361549    -8.911999      48.1927  103.49858    1.13103    8     1     1
   3    2   10   0.787821   -47.763401    -8.915263      48.5883  103.80843    1.15144    8     1     1
   4    2    6   0.786559    78.570461    17.228841      80.4372  104.04330    3.15954    8     1     1
   4    1    8   0.785084    41.996845    14.744699        44.51  104.31950    0.96889    8     1     1
   0    0   15   0.777993   -23.204095    -2.382030       23.326  105.67434    0.06708    2     1     1
   0    3   12   0.777102   -24.094971    -2.881519      24.2667  105.84784    0.14537    4     1     1
   0    4    9   0.776412   -37.342169    -3.151338      37.4749  105.98288    0.34702    4     1     1
   0    5    0   0.775526   -32.800413    -2.852849      32.9242  106.15664    0.13409    2     1     1
   3    0   12   0.774231   -22.866888    -2.867430       23.046  106.41203    0.13165    4     1     1
   0    5    1   0.773819    -4.649643    -3.931254      6.08884  106.49367    0.00919    4     1     1
   3    4    0   0.772672   -29.771596    -2.815817      29.9045  106.72172    0.22218    4     1     1
   3    3    8   0.771661   -17.855580    -2.857080      18.0827  106.92395    0.16273    8     1     1
   4    0    9   0.771343   -37.155546    -3.146462      37.2885  106.98771    0.34615    4     1     1
   3    4    1   0.770984    -1.427421    -3.893780      4.14717  107.05975    0.00857    8     1     1
   4    3    0   0.770474   -32.666819    -2.844858      32.7905  107.16238    0.26805    4     1     1
   4    3    1   0.768801    -4.609616    -3.927400      6.05583  107.50121    0.01834    8     1     1
   0    5    2   0.768766    13.912524     6.759726      15.4678  107.50837    0.05981    4     1     1
   2    4    7   0.768003   -31.102321    -6.177290      31.7098  107.66375    0.50342    8     1     1
   5    0    0   0.767676   -29.657410    -2.807877        29.79  107.73050    0.11114    2     1     1
   5    0    1   0.766020    -1.408671    -3.889973      4.13718  108.07040    0.00430    4     1     1
   3    4    2   0.765986    16.040935     6.775975      17.4134  108.07757    0.15235    8     1     1
   0    2   14   0.765788    -1.451863     0.121445      1.45693  108.11835    0.00053    4     1     1
   2    0   14   0.764563    -1.459980     0.122992      1.46515  108.37199    0.00054    4     1     1
   4    2    7   0.764314   -30.960316    -6.175621      31.5702  108.42377    0.50232    8     1     1
   4    3    2   0.763844    13.795957     6.745347      15.3567  108.52157    0.11896    8     1     1
   0    1   15   0.762792    20.414632     2.792668      20.6048  108.74156    0.10730    4     1     1
   1    0   15   0.762489    18.159957     2.767286      18.3696  108.80516    0.08533    4     1     1
   1    3   12   0.761650    47.351389     8.151296      48.0479  108.98164    1.16954    8     1     1
   5    0    2   0.761117    15.911491     6.761578      17.2886  109.09412    0.07579    4     1     1
   1    4    9   0.760999    57.268462    13.019502      58.7298  109.11903    1.74965    8     1     1
   0    5    3   0.760558    76.243703    19.657731      78.7371  109.21240    1.57382    4     1     1
   1    5    0   0.760165    79.384303    20.574492      82.0072  109.29584    1.70864    4     1     1
   3    1   12   0.759245    47.199470     8.145169      47.8971  109.49189    1.16797    8     1     1
   1    5    1   0.758558     4.192524     2.100588      4.68932  109.63890    0.01121    8     1     1
   3    4    3   0.757866    79.701031    19.685329      82.0961  109.78736    3.44145    8     1     1
   4    1    9   0.756520    52.562213    12.953957      54.1349  110.07788    1.50087    8     1     1
   4    3    3   0.755792    75.733610    19.632319      78.2369  110.23599    3.13997    8     1     1
   2    3   11   0.754090    -8.843816    -1.370768      8.94942  110.60788    0.04125    8     1     1
   1    5    2   0.753795   -12.729806    -4.304690      13.4379  110.67255    0.09306    8     1     1
   5    0    3   0.753150    79.171824    19.659888      81.5763  110.81470    1.71746    4     1     1
   5    1    0   0.753060    78.589638    20.534851      81.2281  110.83455    1.70320    4     1     1
   3    2   11   0.752629    -2.351413    -1.295419      2.68463  110.92991    0.00372    8     1     1
   5    1    1   0.751497     4.128095     2.087281      4.62579  111.18103    0.01109    8     1     1
   1    2   14   0.750988    53.525581    17.342921      56.2651  111.29454    1.64278    8     1     1
   2    1   14   0.750121    46.249844    17.257105      49.3645  111.48857    1.26732    8     1     1
   2    2   13   0.749854   -39.226349   -10.064499      40.4969  111.54840    0.85349    8     1     1
   0    5    4   0.749498   -20.342760    -2.475535      20.4928  111.62853    0.10938    4     1     1
   1    1   15   0.748161   -23.080991    -2.393036      23.2047  111.93049    0.28147    8     1     1
   3    4    4   0.746921   -17.623631    -2.447198      17.7927  112.21274    0.16604    8     1     1
   5    1    2   0.746866   -12.616558    -4.295045      13.3276  112.22541    0.09318    8     1     1
   1    5    3   0.746054   -42.443715    -2.978006      42.5481  112.41130    0.95176    8     1     1
   0    4   10   0.745688    26.742320     2.721712      26.8805  112.49537    0.19013    4     1     1
   4    3    4   0.744935   -20.228118    -2.478552      20.3794  112.66882    0.21904    8     1     1
   3    3    9   0.744488   -28.575635    -3.033285      28.7362  112.77234    0.43606    8     1     1
   2    4    8   0.744209    -1.630264    -2.630263      3.09452  112.83683    0.00506    8     1     1
   5    0    4   0.742405   -17.525673    -2.450246      17.6961  113.25744    0.08319    4     1     1
   4    0   10   0.741194    26.598485     2.713013      26.7365  113.54226    0.19059    4     1     1
   4    2    8   0.740851    -1.640290    -2.624207      3.09468  113.62323    0.00511    8     1     1
   5    1    3   0.739333   -42.150565    -2.966459      42.2548  113.98374    0.95757    8     1     1
   0    3   13   0.737308    40.663369     6.340422      41.1547  114.46979    0.45714    4     1     1
   0    5    5   0.735962   -10.164757    -3.762914      10.8389  114.79635    0.03185    4     1     1
   1    5    4   0.735605     5.246781    -2.592497      5.85233  114.88315    0.01859    8     1     1
   3    0   13   0.734855    41.896138     6.348472      42.3744  115.06668    0.48864    4     1     1
   3    4    5   0.733521    -8.338683    -3.737892      9.13813  115.39482    0.04566    8     1     1
   1    4   10   0.732002   -44.495384    -8.836642      45.3644  115.77196    1.13134    8     1     1
   4    3    5   0.731640   -10.117556    -3.755133      10.7919  115.86236    0.06411    8     1     1
   0    0   16   0.729369    54.445233    10.115070      55.3769  116.43425    0.42558    2     1     1
   5    0    5   0.729243    -8.301980    -3.730140      9.10147  116.46621    0.02300    4     1     1
   5    1    4   0.729161     5.221345    -2.592045      5.82933  116.48694    0.01888    8     1     1
   4    1   10   0.728014   -43.796272    -8.825063      44.6766  116.77936    1.11375    8     1     1
   1    3   13   0.724071   -52.600784   -10.177376      53.5763  117.80054    1.62713    8     1     1
   1    5    5   0.722795    23.425370    10.918614       25.845  118.13663    0.38067    8     1     1
   0    2   15   0.722031   -21.801933    -2.390039      21.9325  118.33927    0.13752    4     1     1
   3    1   13   0.722004   -52.452779   -10.172428      53.4301  118.34654    1.63240    8     1     1
   2    0   15   0.721004   -21.774994    -2.390197      21.9058  118.61331    0.13779    4     1     1
   0    5    6   0.720372   -30.509962    -2.939917      30.6513  118.78285    0.27052    4     1     1
   2    3   12   0.720295   -22.734348    -2.853244      22.9127  118.80368    0.30244    8     1     1
   2    4    9   0.719745   -35.160765    -3.091350      35.2964  118.95199    0.71945    8     1     1
   2    5    0   0.719039   -31.165241    -2.754711      31.2867  119.14298    0.28353    4     1     1
   3    2   12   0.719021   -21.619221    -2.839934       21.805  119.14786    0.27546    8     1     1
   3    4    6   0.718084   -25.670694    -2.880771      25.8318  119.40308    0.38825    8     1     1
   2    5    1   0.717678    -4.216422    -3.883660      5.73245  119.51398    0.01916    8     1     1
   3    3   10   0.717271    18.180182     2.575245      18.3617  119.62553    0.19690    8     1     1
   0    1   16   0.716799   -55.973341   -10.189342      56.8932  119.75558    0.94727    4     1     1
   4    2    9   0.716706   -35.037504    -3.087762      35.1733  119.78118    0.72443    8     1     1
   5    1    5   0.716679    23.169686    10.890388      25.6015  119.78855    0.38384    8     1     1
   1    0   16   0.716547   -50.363952   -10.123358      51.3713  119.82497    0.77323    4     1     1
   4    3    6   0.716318   -30.377851    -2.933498      30.5192  119.88811    0.54640    8     1     1
   0    4   11   0.715638    50.114944    16.630117      52.8022  120.07664    0.82042    4     1     1
   5    0    6   0.714068   -25.564479    -2.874429      25.7256  120.51522    0.19623    4     1     1
   5    2    0   0.713761   -28.263480    -2.712481      28.3933  120.60139    0.23940    4     1     1
   2    5    2   0.713641    12.595507     6.583066      14.2121  120.63529    0.12003    8     1     1
   5    2    1   0.712430    -1.217012    -3.843949        4.032  120.97791    0.00972    8     1     1
   4    0   11   0.711663    49.782254    16.605866      52.4788  121.19648    0.82646    4     1     1
   2    2   14   0.711257    -1.783161     0.197243      1.79404  121.31262    0.00194    8     1     1
   1    2   15   0.709586    16.898096     2.697277       17.112  121.79443    0.17765    8     1     1
   2    1   15   0.708855    18.972324     2.720830      19.1664  122.00723    0.22373    8     1     1
   5    2    2   0.708480    14.504739     6.588543       15.931  122.11654    0.15488    8     1     1
   1    5    6   0.708011    69.336511    16.829583      71.3497  122.25396    3.11461    8     1     1
   2    5    3   0.707061    70.386384    19.344987      72.9964  122.53383    3.27699    8     1     1
   1    1   16   0.704618    39.745928     9.855075      40.9495  123.26298    1.04553    8     1     1
   1    4   11   0.703515    -2.524473    -1.208326      2.79875  123.59643    0.00492    8     1     1
   0    5    7   0.703167    14.429266    -0.387875      14.4345  123.70238    0.06550    4     1     1
   5    1    6   0.702260    68.713605    16.796392      70.7367  123.97960    3.16313    8     1     1
   5    2    3   0.702041    73.299762    19.353440      75.8117  124.04675    3.63804    8     1     1
   3    4    7   0.701038    15.061569    -0.382099      15.0664  124.35635    0.14456    8     1     1
   0    3   14   0.700524    42.487627    16.969297       45.751  124.51582    0.66859    4     1     1
   4    1   11   0.699972    -8.581149    -1.273189      8.67509  124.68784    0.04824    8     1     1
   4    3    7   0.699395    14.360542    -0.391748      14.3659  124.86854    0.13277    8     1     1
   3    0   14   0.698419    49.049830    17.035757       51.924  125.17622    0.87260    4     1     1
   2    5    4   0.698148   -19.023437    -2.512271      19.1886  125.26183    0.23875    8     1     1
   5    0    7   0.697300    14.989669    -0.385976      14.9946  125.53180    0.07329    4     1     1
   2    4   10   0.695066    25.046115     2.615003      25.1823  126.25182    0.41960    8     1     1
   5    2    4   0.693314   -16.424765    -2.486539      16.6119  126.82590    0.18479    8     1     1
   4    2   10   0.692328    24.949417     2.608643      25.0854  127.15315    0.42432    8     1     1
   1    5    7   0.691657   -25.336844    -6.104521      26.0619  127.37726    0.46018    8     1     1
   3    3   11   0.690408    40.178414    16.375945      43.3875  127.79792    1.28695    8     1     1
   1    3   14   0.689141    -0.000979     0.255298       0.2553  128.22968    0.00004    8     1     1
   2    3   13   0.688265    37.971450     6.175320      38.4703  128.53114    1.02804    8     1     1
   3    1   14   0.687358    -0.014331     0.258257     0.258654  128.84558    0.00005    8     1     1
   2    5    5   0.687169    -9.617671    -3.667195      10.2931  128.91160    0.07422    8     1     1
   3    2   13   0.687153    39.186659     6.186583       39.672  128.91708    1.10261    8     1     1
   0    4   12   0.686562    35.487555     7.847824      36.3449  129.12376    0.46484    4     1     1
   0    0   17   0.686465    35.265975    15.639938      38.5784  129.15807    0.26206    2     1     1
