   h    k    l      d (Å)      F(real)      F(imag)          |F|         2θ          I    M ID(λ) Phase
   0    0    1  11.642000    -3.433369     2.689578       4.3614    6.10551    0.70802    2     1     2
   0    0    2   5.821000   -12.617074    -4.479625      13.3887   12.22845    1.64695    2     1     2
   0    1    0   3.881640   -44.943797    -3.314968      45.0659   18.38202    8.12404    2     1     2
   0    0    3   3.880667   -43.260286    -3.450292      43.3977   18.38667    7.52979    2     1     2
   1    0    0   3.840450   -38.349728    -3.291714      38.4907   18.58091    5.79653    2     1     2
   0    1    1   3.682355    -8.611195    -4.047787      9.51511   19.38618    0.64912    4     1     2
   1    0    1   3.647133    -1.382298    -4.021028      4.25199   19.57524    0.12705    4     1     2
   0    1    2   3.229470    31.172642     7.722260      32.1149   22.13694    5.61644    4     1     2
   1    0    2   3.205633    36.989051     7.734386       37.789   22.30366    7.65583    4     1     2
   0    0    4   2.910500   -19.578469    -2.582989      19.7481   24.59899    0.85172    2     1     2
   0    1    3   2.744390   156.348610    20.170866      157.644   26.11343   95.71726    4     1     2
   1    1    0   2.730055   159.083194    21.203720       160.49   26.25299   98.09335    4     1     2
   1    0    3   2.729716   160.803625    20.171834      162.064   26.25631  100.00000    4     1     2
   1    1    1   2.657952    14.446598     2.525783      14.6657   26.97843    1.54645    8     1     2
   1    1    2   2.471714   -25.082420    -4.041609       25.406   29.05422    3.96397    8     1     2
   0    1    4   2.328610   -40.551690    -2.202032      40.6114   30.88287    4.44350    4     1     2
   0    0    5   2.328400    93.833800    12.061421      94.6058   30.88572   12.05446    2     1     2
   1    0    4   2.319626   -35.420331    -2.181298      35.4874   31.00548    3.36416    4     1     2
   1    1    3   2.232869   -73.909733    -3.245709       73.981   32.24235   26.87586    8     1     2
   0    1    5   1.996719    -3.618904    -3.074402      4.74852   36.17986    0.04308    4     1     2
   1    1    4   1.991178    11.053337    -2.178488       11.266   36.28405    0.48189    8     1     2
   1    0    5   1.991046    -1.721315    -3.061958      3.51262   36.28653    0.02342    4     1     2
   0    2    0   1.940820   178.070171    19.951078      179.184   37.25965   28.74790    2     1     2
   0    0    6   1.940333   133.264266    16.063370      134.229   37.26934   16.12313    2     1     2
   2    0    0   1.920225   176.636410    19.890005      177.753   37.67423   27.60854    2     1     2
   0    2    1   1.914400    -4.084210     2.258014      4.66684   37.79320    0.03780    4     1     2
   2    0    1   1.894626    -4.094016     2.249475      4.67131   38.20284    0.03698    4     1     2
   0    2    2   1.841177    -6.959055    -3.542850      7.80898   39.35689    0.09675    4     1     2
   2    0    2   1.823566    -6.871962    -3.524512      7.72309   39.75291    0.09255    4     1     2
   1    1    5   1.771582    41.518333    10.986004      42.9472   40.97092    5.35183    8     1     2
   0    2    3   1.735835   -34.008924    -2.798521      34.1239   41.85383    1.61075    4     1     2
   0    1    6   1.735574   -35.120688    -3.119933       35.259   41.86042    1.71909    4     1     2
   1    2    0   1.732191   -31.933631    -2.656264      32.0439   41.94604    1.41340    4     1     2
   1    0    6   1.731845   -32.479828    -3.104195      32.6278   41.95481    1.46469    4     1     2
   2    1    0   1.721139   -32.516639    -2.650154      32.6245   42.22823    1.44324    4     1     2
   2    0    3   1.721054   -33.876050    -2.785846      33.9904   42.23041    1.56644    4     1     2
   1    2    1   1.713330     0.299682    -3.196171      3.21019   42.42998    0.02765    8     1     2
   2    1    1   1.702633    -2.665140    -3.198551      4.16338   42.70957    0.04583    8     1     2
   0    0    7   1.663143   -47.909086    -5.257915      48.1967   43.77535    1.45269    2     1     2
   1    2    2   1.660241    23.218014     6.585030      24.1338   43.85582    1.45095    8     1     2
   2    1    2   1.650502    21.484186     6.559998      22.4634   44.12814    1.23966    8     1     2
   0    2    4   1.614735    -8.762689    -2.010193      8.99031   45.15886    0.09424    4     1     2
   2    0    4   1.602816    -8.607459    -1.998950      8.83652   45.51344    0.08945    4     1     2
   1    2    3   1.581767   114.226503    17.501251      115.559   46.15386   29.64519    8     1     2
   1    1    6   1.581569   110.616403    14.957361      111.623   46.15997   27.65167    8     1     2
   2    1    3   1.573338   113.046598    17.457941      114.387   46.41555   28.67716    8     1     2
   0    1    7   1.528729    20.711741     0.306347       20.714   47.85316    0.43878    4     1     2
   1    0    7   1.526179    22.538761     0.317083       22.541   47.93814    0.51751    4     1     2
   0    2    5   1.490826    61.501467    10.308923      62.3595   49.14910    3.74245    4     1     2
   1    2    4   1.488515   -26.342333    -1.904452      26.4111   49.23046    1.33758    8     1     2
   2    1    4   1.481485   -28.825814    -1.914773      28.8893   49.47973    1.58210    8     1     2
   2    0    5   1.481430    61.006743    10.274058      61.8658   49.48166    3.62737    4     1     2
   0    0    8   1.455250    11.729010    -1.410527      11.8135   50.43348    0.06333    2     1     2
   1    1    7   1.420337   -35.483028    -4.836788      35.8112   51.76359    2.19369    8     1     2
   1    2    5   1.389784    -1.059248    -2.314808      2.54565   52.98906    0.01051    8     1     2
   2    1    5   1.384057    -0.431204    -2.300216      2.34028   53.22556    0.00879    8     1     2
   0    2    6   1.372195    97.419560    13.972675      98.4165   53.72242    7.61209    4     1     2
   2    2    0   1.365027   127.139649    17.262292      128.306   54.02738   12.77227    4     1     2
   2    0    6   1.364858    96.832576    13.930889      97.8295   54.03463    7.42301    4     1     2
   0    1    8   1.362635    53.915209    12.616116      55.3716   54.12996    2.36850    4     1     2
   1    0    8   1.360828    53.034270    12.600723      54.5107   54.20773    2.28793    4     1     2
   2    2    1   1.355740    -4.345004     1.885229      4.73636   54.42795    0.03423    8     1     2
   2    2    2   1.328976    -3.670123    -2.751231      4.58684   55.61788    0.03056    8     1     2
   0    3    0   1.293880   -26.941670    -2.132778       27.026   57.26358    0.24829    2     1     2
   0    0    9   1.293556   -44.124313    -2.955948      44.2232   57.27927    0.66440    2     1     2
   1    2    6   1.292189   -27.767298    -2.549652      27.8841   57.34547    1.05382    8     1     2
   2    2    3   1.287688   -28.848464    -2.254590      28.9364   57.56462    1.12512    8     1     2
   2    1    6   1.287581   -28.599439    -2.547381      28.7127   57.56984    1.10756    8     1     2
   0    3    1   1.285962     0.280388    -2.523065       2.5386   57.64911    0.00432    4     1     2
   1    1    8   1.284196   -13.298432    -1.287109      13.3606   57.73585    0.23826    8     1     2
   3    0    0   1.280150   -27.946096    -2.117802      28.0262   57.93563    0.26006    2     1     2
   3    0    1   1.272480     1.958942    -2.482369      3.16222   58.31833    0.00652    4     1     2
   0    3    2   1.263054    15.465253     5.607805      16.4506   58.79605    0.17335    4     1     2
   0    2    7   1.262886   -36.974277    -4.525382      37.2502   58.80462    0.88853    4     1     2
   2    0    7   1.257160   -36.786023    -4.510801      37.0616   59.09898    0.86973    4     1     2
   3    0    2   1.250273    15.341349     5.565135      16.3195   59.45715    0.16637    4     1     2
   2    2    4   1.235857    -3.285670    -1.523757       3.6218   60.22192    0.01593    8     1     2
   0    3    3   1.227452    87.551614    15.215449      88.8639   60.67752    4.71376    4     1     2
   0    1    9   1.227205    57.899922     9.611591      58.6923   60.69098    2.05525    4     1     2
   1    3    0   1.226161    88.896264    15.972459      90.3198   60.74813    4.85688    4     1     2
   1    0    9   1.225885    59.599885     9.616858      60.3708   60.76325    2.16872    4     1     2
   1    3    1   1.219416     4.351238     1.790345      4.70517   61.11995    0.02601    8     1     2
   3    1    0   1.215741    87.953534    15.875764      89.3749   61.32461    4.65691    4     1     2
   3    0    3   1.215711    85.717779    15.106844      87.0388   61.32628    4.41638    4     1     2
   3    1    1   1.209166     4.238082     1.776921      4.59552   61.69439    0.02430    8     1     2
   1    3    2   1.199831    -7.523461    -2.462380      7.91617   62.22759    0.07074    8     1     2
   1    2    7   1.199687    19.107509     0.438736      19.1125   62.23588    0.41224    8     1     2
   2    1    7   1.195997    18.222791     0.434525       18.228   62.44942    0.37214    8     1     2
   3    1    2   1.190063    -7.331249    -2.434570      7.72492   62.79616    0.06603    8     1     2
   0    3    4   1.182314   -22.539787    -1.678340      22.6022   63.25513    0.27814    4     1     2
   2    2    5   1.177584    43.083608     8.779486       43.969   63.53882    2.08468    8     1     2
   3    0    4   1.171810   -20.619351    -1.655354      20.6857   63.88877    0.22796    4     1     2
   1    3    3   1.169186   -41.046224    -2.136680      41.1018   64.04920    1.79015    8     1     2
   1    1    9   1.168974   -28.593088    -2.623468      28.7132   64.06225    0.87325    8     1     2
   0    2    8   1.164305     8.944977    -0.893757      8.98952   64.34993    0.04238    4     1     2
   0    0   10   1.164200    32.069164     2.993563      32.2086   64.35643    0.27198    2     1     2
   3    1    3   1.160142   -40.662991    -2.117386      40.7181   64.60882    1.72402    8     1     2
   2    0    8   1.159813     8.907758    -0.883838       8.9515   64.62936    0.04163    4     1     2
   0    3    5   1.130988     1.367185    -1.695667      2.17818   66.48632    0.00232    4     1     2
   1    3    4   1.129978    10.351183    -1.233548      10.4244   66.55346    0.10604    8     1     2
   3    1    4   1.121807    10.342792    -1.216886      10.4141   67.10210    0.10401    8     1     2
   3    0    5   1.121783    -0.078221    -1.680313      1.68213   67.10370    0.00136    4     1     2
   2    2    6   1.116434    74.726868    12.131368      75.7052   67.46819    5.43384    8     1     2
   0    1   10   1.115124   -41.616802    -5.675400       42.002   67.55810    0.83398    4     1     2
   1    2    8   1.114226    38.116311    10.778294      39.6109   67.61996    1.48061    8     1     2
   1    0   10   1.114133   -42.427567    -5.677269      42.8057   67.62630    0.86437    4     1     2
   2    1    8   1.111267    39.617461    10.764118      41.0537   67.82435    1.58044    8     1     2
   1    3    5   1.084920    22.112729     8.019246      23.5219   69.70568    0.49040    8     1     2
   3    1    5   1.077682    21.810398     7.964848      23.2192   70.24252    0.47050    8     1     2
   0    3    6   1.076490   -24.182037    -2.097104      24.2728   70.33179    0.25643    4     1     2
   0    2    9   1.076386   -35.485420    -2.474025      35.5716   70.33958    0.55060    4     1     2
   2    3    0   1.073019   -22.758535    -1.694891      22.8216   70.59316    0.22500    4     1     2
   2    0    9   1.072834   -35.331688    -2.464570      35.4175   70.60716    0.54171    4     1     2
   1    1   10   1.070894    21.801581     2.786320      21.9789   70.75423    0.41549    8     1     2
   3    2    0   1.068625   -24.578345    -1.699959      24.6371   70.92705    0.25977    4     1     2
   3    0    6   1.068544   -23.768742    -2.075208      23.8592   70.93326    0.24358    4     1     2
   2    3    1   1.068490     2.245182    -1.938730       2.9664   70.93738    0.00753    8     1     2
   3    2    1   1.064152     3.293052    -1.916689      3.81023   71.27057    0.01231    8     1     2
   0    0   11   1.058364    48.685966    11.645910      50.0595   71.72047    0.52459    2     1     2
   2    3    2   1.055240    10.808140     4.757372      11.8088   71.96581    0.11599    8     1     2
   2    2    7   1.055143   -29.497252    -3.885553      29.7521   71.97352    0.73613    8     1     2
   3    2    2   1.051061    10.281170     4.733278      11.3184   72.29702    0.10561    8     1     2
   1    3    6   1.036540    66.450432    11.348888      67.4126   73.47418    3.63257    8     1     2
   1    2    9   1.036447    47.693149     8.421683       48.431   73.48183    1.87454    8     1     2
   2    3    3   1.034212    68.988745    13.193426       70.239   73.66678    3.92417    8     1     2
   2    1    9   1.034065    46.261622     8.393181      47.0168   73.67901    1.75778    8     1     2
   3    2    3   1.030276    67.224816    13.132784      68.4956   73.99500    3.70088    8     1     2
   3    1    6   1.030222    65.808856    11.282042      66.7689   73.99958    3.51624    8     1     2
   0    3    7   1.021230    16.361445     0.529017        16.37   74.76177    0.10370    4     1     2
   0    1   11   1.021089     6.958490     0.249947      6.96298   74.77392    0.01876    4     1     2
   1    0   11   1.020328     6.101819     0.244207       6.1067   74.83926    0.01440    4     1     2
   3    0    7   1.014439    16.713887     0.536781      16.7225   75.34906    0.10669    4     1     2
   2    3    4   1.006778   -18.356537    -1.465980       18.415   76.02390    0.25467    8     1     2
   3    2    4   1.003146   -16.963558    -1.449613      17.0254   76.34853    0.21606    8     1     2
  -1    0    0   1.000000     0.000000     0.000000            0   76.63227    0.00000    1     1     1
   0   -1    0   1.000000     0.000000     0.000000            0   76.63227    0.00000    1     1     1
   0    0    1   1.000000     0.000000     0.000000            0   76.63227    0.00000    1     1     1
   0    0   -1   1.000000     0.000000     0.000000            0   76.63227    0.00000    1     1     1
   0    1    0   1.000000     0.000000     0.000000            0   76.63227    0.00000    1     1     1
   1    0    0   1.000000     0.000000     0.000000            0   76.63227    0.00000    1     1     1
   0    2   10   0.998360    26.794308     2.709465       26.931   76.78114    0.26767    4     1     2
   2    2    8   0.995589     7.781084    -0.473861       7.7955   77.03403    0.04460    8     1     2
   2    0   10   0.995523    26.696504     2.703721      26.8331   77.04005    0.26419    4     1     2
   1    3    7   0.986933   -22.716477    -3.580938       22.997   77.83617    0.38141    8     1     2
   1    1   11   0.986805    34.426354    10.703408      36.0519   77.84817    0.93712    8     1     2
   3    1    7   0.981475   -22.522547    -3.557969      22.8018   78.35164    0.37089    8     1     2
   2    3    5   0.974517     2.777868    -1.183178      3.01935   79.01999    0.00641    8     1     2
   3    2    5   0.971222     0.940969    -1.187712      1.51528   79.34093    0.00161    8     1     2
   0    4    0   0.970410    76.808342    13.078884      77.9139   79.42046    1.05927    2     1     2
   0    0   12   0.970167    30.388082     4.740265      30.7556   79.44433    0.16497    2     1     2
   0    4    1   0.967056    -4.804415     1.319751      4.98238   79.75091    0.00861    4     1     2
   0    3    8   0.966951    29.817689     9.243283      31.2175   79.76134    0.33782    4     1     2
   1    2   10   0.966244   -34.347290    -4.868166      34.6906   79.83136    0.83320    8     1     2
   2    1   10   0.964313   -33.084803    -4.845800      33.4378   80.02346    0.77124    8     1     2
   3    0    8   0.961180    27.340153     9.155090      28.8323   80.33743    0.28500    4     1     2
   4    0    0   0.960113    75.327157    12.922709      76.4276   80.44501    0.99924    2     1     2
   0    4    2   0.957200     0.387866    -1.596868       1.6433   80.74022    0.00092    4     1     2
   4    0    1   0.956864    -4.819958     1.299037      4.99194   80.77442    0.00847    4     1     2
   4    0    2   0.947313     0.516454    -1.556014      1.63948   81.76086    0.00090    4     1     2
   0    4    3   0.941422   -21.436946    -1.474790      21.4876   82.38305    0.15261    4     1     2
   0    1   12   0.941214   -19.120572    -2.089807      19.2344   82.40524    0.12224    4     1     2
   1    4    0   0.940839   -21.586088    -1.374483      21.6298   82.44517    0.15447    4     1     2
   1    0   12   0.940618   -18.082401    -2.078578      18.2015   82.46884    0.10934    4     1     2
   2    3    6   0.939001   -20.453196    -1.711580      20.5247   82.64184    0.27728    8     1     2
   2    2    9   0.938932   -29.206880    -2.064746      29.2798   82.64924    0.56421    8     1     2
   1    4    1   0.937782     4.241773    -1.467159      4.48834   82.77289    0.01323    8     1     2
   1    3    8   0.937686    -5.183238    -0.424361      5.20058   82.78324    0.01776    8     1     2
   3    2    6   0.936053   -20.432463    -1.703065      20.5033   82.95958    0.27526    8     1     2
   3    1    8   0.933001    -5.071440    -0.409814      5.08797   83.29137    0.01686    8     1     2
   4    1    0   0.932025   -19.141348    -1.329445      19.1875   83.39816    0.11969    4     1     2
   4    0    3   0.932011   -21.157073    -1.447520      21.2065   83.39963    0.14620    4     1     2
   0    2   11   0.929186    36.335221     9.973943      37.6793   83.71043    0.45932    4     1     2
   4    1    1   0.929052     3.553685    -1.439830      3.83429   83.72522    0.00951    8     1     2
   1    4    2   0.928786     6.801658     4.051238      7.91676   83.75468    0.04053    8     1     2
   2    0   11   0.926898    36.112413     9.940639      37.4556   83.96409    0.45213    4     1     2
   0    4    4   0.920589     1.481278    -0.810487      1.68851   84.67278    0.00091    4     1     2
   4    1    2   0.920303     7.211316     4.004338       8.2485   84.70521    0.04338    8     1     2
   0    3    9   0.914797    37.887494     7.380797      38.5997   85.33556    0.47076    4     1     2
   1    4    3   0.914351    54.233535    11.496785      55.4387   85.38704    1.94081    8     1     2
   1    1   12   0.914160    35.381357     4.541589      35.6716   85.40911    0.80329    8     1     2
   4    0    4   0.911783     1.595778    -0.785165      1.77848   85.68513    0.00099    4     1     2
   3    3    0   0.910018    55.780095    12.002211      57.0567   85.89142    1.02096    4     1     2
   3    0    9   0.909905    38.563028     7.344002      39.2561   85.90465    0.48321    4     1     2
   3    3    1   0.907251     0.673400     1.245899      1.41624   86.21719    0.00125    8     1     2
   4    1    3   0.906254    54.873672    11.383827       56.042   86.33524    1.95872    8     1     2
   1    2   11   0.903128     5.687362     0.478782      5.70748   86.70781    0.02022    8     1     2
   2    3    7   0.901648    14.667361     0.603103      14.6798   86.88549    0.13349    8     1     2
   2    1   11   0.901551     6.784896     0.492615      6.80276   86.89724    0.02866    8     1     2
   3    3    2   0.899097    -1.370024    -1.372855      1.93951   87.19381    0.00232    8     1     2
   3    2    7   0.899037    14.898856     0.607390      14.9112   87.20115    0.13721    8     1     2
   0    4    5   0.895730    23.511929     6.426989      24.3745   87.60473    0.18247    4     1     2
   0    0   13   0.895538   -24.535215    -4.707916      24.9828   87.62822    0.09582    2     1     2
   1    4    4   0.895228   -14.390899    -1.279039      14.4476   87.66637    0.12813    8     1     2
   1    3    9   0.889899   -19.943913    -1.829593      20.0277   88.32704    0.24445    8     1     2
   4    1    4   0.887624   -15.328278    -1.276652      15.3814   88.61259    0.14376    8     1     2
   4    0    5   0.887612    22.931020     6.339954      23.7913   88.61405    0.17197    4     1     2
   3    3    3   0.885984   -27.731351    -1.387689       27.766   88.81984    0.46748    8     1     2
   3    1    9   0.885891   -19.798540    -1.815530      19.8816   88.83157    0.23966    8     1     2
   2    2   10   0.885791    22.688155     2.453308      22.8204   88.84427    0.31570    8     1     2
   0    1   13   0.872616    32.089055     4.601040      32.4172   90.55242    0.31365    4     1     2
   1    4    5   0.872317     1.769647    -0.804650      1.94399   90.59201    0.00226    8     1     2
   1    0   13   0.872141    29.830726     4.575924      30.1797   90.61547    0.27170    4     1     2
   3    3    4   0.868553     9.741895    -0.580887       9.7592   91.09497    0.05661    8     1     2
   0    4    6   0.867918    48.281892     9.258243      49.1615   91.18049    0.71781    4     1     2
   0    2   12   0.867787    25.355782     4.220080      25.7046   91.19810    0.19621    4     1     2
   2    4    0   0.866095    61.532643    11.350065      62.5707   91.42688    1.16069    4     1     2
   2    0   12   0.865922    25.260268     4.209597      25.6086   91.45035    0.19439    4     1     2
   0    3   10   0.865440   -27.067167    -4.168813      27.3863   91.51585    0.22221    4     1     2
   4    1    5   0.865278     3.831286    -0.755803      3.90512   91.53789    0.00904    8     1     2
   2    4    1   0.863709    -4.932035     1.092309      5.05155   91.75201    0.01510    8     1     2
   2    3    8   0.863633    22.317153     7.881601       23.668   91.76228    0.33136    8     1     2
   3    2    8   0.861338    19.948161     7.826441      21.4285   92.07769    0.27105    8     1     2
   3    0   10   0.861295   -28.061197    -4.150462      28.3665   92.08356    0.23748    4     1     2
   4    2    0   0.860569    60.710206    11.249019      61.7436   92.18383    1.12440    4     1     2
   4    0    6   0.860527    47.442291     9.150737      48.3167   92.18970    0.68852    4     1     2
   4    2    1   0.858228    -4.935809     1.079149       5.0524   92.50910    0.01503    8     1     2
   2    4    2   0.856665     1.688616    -1.155561      2.04615   92.72776    0.00246    8     1     2
   4    2    2   0.851316     1.755739    -1.130560      2.08825   93.48544    0.00255    8     1     2
   1    1   13   0.850927   -32.319719    -4.447532      32.6243   93.54123    0.62301    8     1     2
   3    3    5   0.847583    11.243851     5.803041       12.653   94.02320    0.09350    8     1     2
   1    4    6   0.846568   -17.653103    -1.409838      17.7093   94.17066    0.18304    8     1     2
   1    2   12   0.846447   -15.342082    -1.764736      15.4432   94.18830    0.13918    8     1     2
   2    4    3   0.845299   -18.333146    -1.181521      18.3712   94.35591    0.19682    8     1     2
   2    1   12   0.845148   -16.217812    -1.769434      16.3141   94.37797    0.15520    8     1     2
   1    3   10   0.844269    16.686108     2.298018      16.8436   94.50688    0.16535    8     1     2
   3    1   10   0.840844    16.588666     2.288700      16.7458   95.01301    0.16313    8     1     2
   4    2    3   0.840159   -18.151725    -1.164993      18.1891   95.11508    0.19239    8     1     2
   4    1    6   0.840130   -17.236626    -1.385488      17.2922   95.11949    0.17389    8     1     2
   0    4    7   0.838166   -20.252611    -2.900954      20.4593   95.41344    0.12159    4     1     2
   2    2   11   0.836408    27.310576     8.511326      28.6061   95.67860    0.47505    8     1     2
   0    0   14   0.831571     4.818735     1.117641      4.94665   96.41725    0.00355    2     1     2
   4    0    7   0.831504   -19.947983    -2.864525      20.1526   96.42762    0.11767    4     1     2
   2    4    4   0.830121     2.541009    -0.536745      2.59708   96.64157    0.00391    8     1     2
   2    3    9   0.825866    31.112586     6.462851      31.7767   97.30675    0.58435    8     1     2
   4    2    4   0.825251     2.589477    -0.521225      2.64141   97.40386    0.00404    8     1     2
   3    3    6   0.823905    43.396120     8.598319      44.2397   97.61729    1.13227    8     1     2
   3    2    9   0.823858    31.885159     6.450065       32.531   97.62469    0.61224    8     1     2
   0    3   11   0.819211     6.676922     0.665119      6.70997   98.37038    0.01302    4     1     2
   1    4    7   0.818891    13.405045     0.656912      13.4211   98.42225    0.10418    8     1     2
   3    0   11   0.815692     5.468842     0.659706      5.50849   98.94435    0.00878    4     1     2
   0    2   13   0.813148   -20.349898    -4.019813      20.7431   99.36460    0.12448    4     1     2
   0    1   14   0.813122    20.296168     8.093504      21.8504   99.36906    0.13812    4     1     2
   4    1    7   0.813059    13.080210     0.658199      13.0968   99.37950    0.09925    8     1     2
   1    0   14   0.812737    20.533985     8.089585        22.07   99.43296    0.14092    4     1     2
   2    4    5   0.811756    17.569898     5.467423      18.4009   99.59649    0.19596    8     1     2
   2    0   13   0.811614   -20.269034    -4.006177      20.6612   99.62029    0.12353    4     1     2
   0    4    8   0.807368     7.031191     0.098148      7.03188  100.33633    0.01432    4     1     2
   4    2    5   0.807201    17.254343     5.411620      18.0831  100.36469    0.18947    8     1     2
   4    0    8   0.801408     7.010978     0.117186      7.01196  101.36347    0.01428    4     1     2
   1    3   11   0.801186    19.247973     7.844456      20.7851  101.40231    0.25095    8     1     2
   3    3    7   0.798325   -15.569491    -2.646888      15.7929  101.90533    0.14510    8     1     2
   3    1   11   0.798258    19.010643     7.791936      20.5455  101.91732    0.24559    8     1     2
   1    2   13   0.795512    24.897819     4.045679      25.2244  102.40624    0.37084    8     1     2
   1    1   14   0.795487     6.862982     1.176532       6.9631  102.41075    0.02826    8     1     2
   2    1   13   0.794434    27.078619     4.061936      27.3816  102.59998    0.43731    8     1     2
   2    4    6   0.790883    39.460455     8.066938      40.2766  103.24430    0.94881    8     1     2
   2    2   12   0.790785    21.310066     3.754349      21.6383  103.26238    0.27388    8     1     2
   1    4    8   0.790097    14.740596     6.733526      16.2057  103.38843    0.15371    8     1     2
   2    3   10   0.789007   -22.254788    -3.566354      22.5387  103.58897    0.29761    8     1     2
   3    2   10   0.787256   -23.411247    -3.565499      23.6812  103.91351    0.32908    8     1     2
   4    2    6   0.786669    38.975372     7.997218      39.7874  104.02281    0.92947    8     1     2
   4    1    8   0.784855    16.597064     6.672603      17.8882  104.36258    0.18823    8     1     2
   0    5    0   0.776328   -13.988790    -0.852131      14.0147  105.99924    0.02918    2     1     2
   0    4    9   0.776258   -20.865451    -1.460964      20.9165  106.01297    0.13003    4     1     2
   0    3   12   0.776203   -13.948322    -1.512027        14.03  106.02365    0.05851    4     1     2
   0    0   15   0.776133   -15.567523    -1.401560      15.6305  106.03738    0.03631    2     1     2
   0    5    1   0.774608     4.646071    -0.767590      4.70905  106.33762    0.00661    4     1     2
   3    4    0   0.773332   -16.183572    -0.867850      16.2068  106.59042    0.07839    4     1     2
   3    0   12   0.773209   -12.977995    -1.490815      13.0633  106.61490    0.05094    4     1     2
   3    4    1   0.771631     5.253024    -0.747125      5.30589  106.92983    0.01685    8     1     2
   3    3    8   0.771578    -1.416345     0.120362      1.42145  106.94056    0.00121    8     1     2
   4    3    0   0.771025   -13.792086    -0.835026      13.8173  107.05148    0.05718    4     1     2
   4    0    9   0.770957   -20.578223    -1.439339      20.6285  107.06528    0.12747    4     1     2
   0    5    2   0.769515     3.063006     2.929345      4.23829  107.35635    0.00539    4     1     2
   4    3    1   0.769340     4.668348    -0.742952       4.7271  107.39173    0.01342    8     1     2
   2    4    7   0.768176   -17.008069    -2.499335      17.1907  107.62846    0.17786    8     1     2
   5    0    0   0.768090   -15.986561    -0.851050      16.0092  107.64595    0.03857    2     1     2
   3    4    2   0.766596     2.224806     2.897606       3.6532  107.95182    0.00805    8     1     2
   5    0    1   0.766424     5.271479    -0.722727      5.32079  107.98732    0.00855    4     1     2
   0    2   14   0.764364     4.776018     1.181790      4.92006  108.41323    0.00733    4     1     2
   4    3    2   0.764349     2.928838     2.888064      4.11327  108.41636    0.01025    8     1     2
   4    2    7   0.764312   -16.826607    -2.475980      17.0078  108.42408    0.17531    8     1     2
   2    0   14   0.763089     4.774660     1.182809      4.91899  108.67923    0.00735    4     1     2
   5    0    2   0.761489     2.092758     2.856594      3.54115  109.01546    0.00382    4     1     2
   0    5    3   0.761245    37.651533     8.758214      38.6567  109.06710    0.45554    4     1     2
   0    1   15   0.761069    11.388103     1.378752      11.4713  109.10434    0.04013    4     1     2
   1    5    0   0.760937    37.535937     9.163179      38.6382  109.13226    0.45538    4     1     2
   1    4    9   0.760871    26.843589     5.704561       27.443  109.14624    0.45951    8     1     2
   1    3   12   0.760819    25.095825     3.614624      25.3548  109.15710    0.39228    8     1     2
   1    0   15   0.760753    11.094666     1.375203      11.1796  109.17108    0.03814    4     1     2
   1    5    1   0.759317    -0.908577     0.867541      1.25624  109.47662    0.00097    8     1     2
   3    4    3   0.758419    35.642723     8.681972      36.6849  109.66856    0.82534    8     1     2
   3    1   12   0.758310    24.922164     3.597132      25.1804  109.69193    0.38894    8     1     2
   4    3    3   0.756243    37.049776     8.656123      38.0475  110.13793    0.89206    8     1     2
   4    1    9   0.756186    25.593064     5.636216      26.2063  110.15043    0.42326    8     1     2
   1    5    2   0.754517     1.250992    -0.676333      1.42211  110.51418    0.00125    8     1     2
   2    3   11   0.753504     6.535110     0.794823      6.58327  110.73664    0.02688    8     1     2
   5    1    0   0.753480    36.612316     9.002358      37.7028  110.74192    0.44080    4     1     2
   5    0    3   0.753473    35.049176     8.580513      36.0842  110.74349    0.40378    4     1     2
   3    2   11   0.751978     5.302775     0.783824      5.36039  111.07409    0.01789    8     1     2
   5    1    1   0.751907    -0.973945     0.846473      1.29038  111.08985    0.00104    8     1     2
   0    5    4   0.750103   -11.618206    -1.003324      11.6614  111.49261    0.04252    4     1     2
   1    2   14   0.749661    15.414808     6.926169      16.8994  111.59192    0.17881    8     1     2
   2    2   13   0.748779   -16.893421    -3.423830      17.2369  111.79074    0.18645    8     1     2
   2    1   14   0.748758    15.129017     6.906348      16.6308  111.79548    0.17358    8     1     2
   3    4    4   0.747399   -10.537502    -0.985984      10.5835  112.10373    0.07055    8     1     2
   5    1    2   0.747246     1.360197    -0.639545      1.50305  112.13860    0.00142    8     1     2
   1    5    3   0.746717   -20.056781    -0.916393      20.0777  112.25941    0.25438    8     1     2
   1    1   15   0.746551   -13.499171    -1.293550       13.561  112.29744    0.11610    8     1     2
   0    4   10   0.745413    16.887453     2.037467      17.0099  112.55862    0.09162    4     1     2
   4    3    4   0.745316   -11.484479    -0.992735      11.5273  112.58089    0.08418    8     1     2
   3    3    9   0.744290   -14.276411    -1.274207      14.3332  112.81820    0.13053    8     1     2
   2    4    8   0.744258     6.796913     0.297751      6.80343  112.82561    0.02941    8     1     2
   5    0    4   0.742664   -10.407659    -0.975440      10.4533  113.19681    0.03488    4     1     2
   4    2    8   0.740742     6.781882     0.308613       6.7889  113.64897    0.02959    8     1     2
   4    0   10   0.740715    16.680920     2.021403       16.803  113.65538    0.09065    4     1     2
   5    1    3   0.739667   -19.650761    -0.891638       19.671  113.90427    0.24929    8     1     2
   0    5    5   0.736471     4.840789    -0.201551      4.84498  114.67255    0.00764    4     1     2
   0    3   13   0.736365    23.191559     3.612077      23.4712  114.69837    0.17936    4     1     2
   1    5    4   0.736192     8.749921    -0.165367      8.75148  114.74034    0.04990    8     1     2
   3    4    5   0.733912     2.856014    -0.213361      2.86397  115.29856    0.00539    8     1     2
   3    0   13   0.733806    20.800932     3.565866      21.1044  115.32452    0.14628    4     1     2
   4    3    5   0.731939     4.865226    -0.181886      4.86863  115.78771    0.01567    8     1     2
   1    4   10   0.731757   -19.862935    -3.086310      20.1013  115.83327    0.26735    8     1     2
   5    1    4   0.729433     8.676209    -0.143535       8.6774  116.41795    0.05025    8     1     2
   5    0    5   0.729427     2.883585    -0.193981       2.8901  116.41959    0.00279    4     1     2
   0    0   16   0.727625    28.557945     5.172837      29.0227  116.87884    0.14151    2     1     2
   4    1   10   0.727586   -18.355106    -3.034726      18.6043  116.88875    0.23263    8     1     2
   1    5    5   0.723292     5.494333     4.246660      6.94419  118.00555    0.03298    8     1     2
   1    3   13   0.723191   -22.454629    -3.255143      22.6893  118.03213    0.35221    8     1     2
   3    1   13   0.721035   -22.288413    -3.233471      22.5217  118.60508    0.35024    8     1     2
   0    5    6   0.720778   -12.764939    -0.950261      12.8003  118.67410    0.05663    4     1     2
   0    2   15   0.720647   -13.395408    -1.215782      13.4505  118.70921    0.06257    4     1     2
   2    5    0   0.719733   -11.831390    -0.669508      11.8503  118.95523    0.04876    4     1     2
   2    4    9   0.719677   -17.762440    -1.225851      17.8047  118.97032    0.22020    8     1     2
   2    3   12   0.719634   -11.987626    -1.286527      12.0565  118.98205    0.10099    8     1     2
   2    0   15   0.719578   -13.353062    -1.212096       13.408  118.99714    0.06247    4     1     2
   3    4    6   0.718378   -12.931001    -0.944337      12.9654  119.32286    0.11746    8     1     2
   2    5    1   0.718361     4.807125    -0.502136      4.83328  119.32733    0.01632    8     1     2
   3    2   12   0.718304   -11.094000    -1.271241      11.1666  119.34305    0.08715    8     1     2
   3    3   10   0.716971    12.651638     1.903209       12.794  119.70812    0.11511    8     1     2
   5    1    5   0.716879     5.220298     4.159448      6.67477  119.73349    0.03135    8     1     2
   4    3    6   0.716528   -12.596172    -0.934379      12.6308  119.83032    0.11243    8     1     2
   4    2    9   0.716497   -17.585985    -1.212414      17.6277  119.83877    0.21901    8     1     2
   0    4   11   0.715260    16.127747     6.254416       17.298  120.18187    0.10607    4     1     2
   0    1   16   0.715168   -19.149546    -2.882652      19.3653  120.20732    0.13300    4     1     2
   1    0   16   0.714907   -21.110783    -2.903297      21.3095  120.28030    0.16125    4     1     2
   2    5    2   0.714293     1.692163     2.474534      2.99779  120.45192    0.00640    8     1     2
   5    2    0   0.714194   -13.875388    -0.678222       13.892  120.47977    0.06877    4     1     2
   5    0    6   0.714170   -12.763688    -0.928628      12.7974  120.48658    0.05836    4     1     2
   5    2    1   0.712854     5.382707    -0.469365      5.40313  120.85762    0.02094    8     1     2
   4    0   11   0.711106    15.770963     6.170731      16.9352  121.35590    0.10379    4     1     2
   2    2   14   0.710169     4.689048     1.215673      4.84407  121.62581    0.01707    8     1     2
   5    2    2   0.708879     0.818653     2.419666       2.5544  122.00027    0.00478    8     1     2
   1    5    6   0.708409    30.210747     6.621646      30.9279  122.13746    0.70222    8     1     2
   1    2   15   0.708285     9.898036     1.309603       9.9843  122.17384    0.07323    8     1     2
   2    5    3   0.707665    31.240603     7.626870      32.1581  122.35589    0.76226    8     1     2
   2    1   15   0.707523    10.145097     1.311666      10.2295  122.39757    0.07719    8     1     2
  -1   -1    0   0.707107     0.000000     0.000000            0  122.52041    0.00000    1     1     1
  -1    0   -1   0.707107     0.000000     0.000000            0  122.52041    0.00000    1     1     1
   0   -1   -1   0.707107     0.000000     0.000000            0  122.52041    0.00000    1     1     1
   0    1    1   0.707107     0.000000     0.000000            0  122.52041    0.00000    1     1     1
   1    1    0   0.707107     0.000000     0.000000            0  122.52041    0.00000    1     1     1
   1    0    1   0.707107     0.000000     0.000000            0  122.52041    0.00000    1     1     1
  -1    0    1   0.707107     0.000000     0.000000            0  122.52041    0.00000    1     1     1
   1    0   -1   0.707107     0.000000     0.000000            0  122.52041    0.00000    1     1     1
   0    1   -1   0.707107     0.000000     0.000000            0  122.52041    0.00000    1     1     1
   1   -1    0   0.707107     0.000000     0.000000            0  122.52041    0.00000    1     1     1
  -1    1    0   0.707107     0.000000     0.000000            0  122.52041    0.00000    1     1     1
   0   -1    1   0.707107     0.000000     0.000000            0  122.52041    0.00000    1     1     1
   0    5    7   0.703464    10.610740     0.713002      10.6347  123.61205    0.04268    4     1     2
   1    4   11   0.703168     5.133615     0.866224      5.20618  123.70188    0.02049    8     1     2
   1    1   16   0.703082    20.071952     4.773931      20.6319  123.72833    0.32201    8     1     2
   5    2    3   0.702398    28.982789     7.492045      29.9355  123.93726    0.68065    8     1     2
   5    1    6   0.702381    29.530714     6.509342      30.2396  123.94256    0.69462    8     1     2
   3    4    7   0.701232    10.742657     0.716021      10.7665  124.29612    0.08866    8     1     2
   0    3   14   0.699551    11.426810     5.930307       12.874  124.81950    0.06405    4     1     2
   4    3    7   0.699511    10.510376     0.714378      10.5346  124.83205    0.08579    8     1     2
   4    1   11   0.699466     6.332215     0.886206      6.39393  124.84634    0.03161    8     1     2
   2    5    4   0.698687   -10.165551    -0.886122      10.2041  125.09141    0.08091    8     1     2
   3    0   14   0.697357    11.459411     5.887862      12.8835  125.51362    0.06504    4     1     2
   5    0    7   0.697317    10.643354     0.717366      10.6675  125.52628    0.04460    4     1     2
   2    4   10   0.694892    14.632731     1.856825      14.7501  126.30830    0.17331    8     1     2
   5    2    4   0.693617    -9.042540    -0.862499      9.08358  126.72613    0.06630    8     1     2
   4    2   10   0.692028    14.502959     1.846059        14.62  127.25292    0.17368    8     1     2
   1    5    7   0.691951   -11.273574    -1.992893      11.4484  127.27865    0.10656    8     1     2
   3    3   11   0.690019    10.705222     5.701164      12.1287  127.93011    0.12128    8     1     2
   1    3   14   0.688227     6.198009     1.241441      6.32111  128.54422    0.03339    8     1     2
   2    5    5   0.687631     5.042910     0.007006      5.04291  128.75072    0.02135    8     1     2
   2    3   13   0.687544    19.858958     3.202109      20.1155  128.78081    0.33985    8     1     2
   3    2   13   0.686384    17.627508     3.166144      17.9096  129.18635    0.27184    8     1     2
   3    1   14   0.686368     6.183488     1.241739      6.30694  129.19203    0.03372    8     1     2
   5    1    7   0.686330   -11.046576    -1.956285      11.2185  129.20532    0.10671    8     1     2
